WARNING:tensorflow:From picamera_debug.py:47: FastGFile.__init__ (from tensorflow.python.platform.gfile) is deprecated and will be removed in a future version.
Instructions for updating:
Use tf.gfile.GFile.
DEBUG:PIL.PngImagePlugin:STREAM b'IHDR' 16 13
DEBUG:PIL.PngImagePlugin:STREAM b'IDAT' 41 1216
INFO:root:**********读数计算程序**********
INFO:root:原始数据
class size:12==>['8' '2' '8' '8' '0' '7' '9' '8' '3' '1' '7' '8']
boxes size:12 boxes==>
[[159.66203   170.00853   169.91089   186.6645   ]
 [225.61916   169.68903   235.7362    185.53877  ]
 [209.57016   169.70496   220.06529   185.89238  ]
 [259.9343    168.43109   270.5887    184.8004   ]
 [127.295425  168.29205   141.74214   188.05461  ]
 [ 56.62254   174.0306     67.16862   189.48723  ]
 [ 72.86018   173.22371    83.34426   189.44553  ]
 [ 21.465164  173.79562    32.123745  189.96545  ]
 [276.0866    168.06306   286.34085   184.77849  ]
 [176.5254    170.30334   183.15643   186.20584  ]
 [  4.8251696 174.1328     15.769882  190.01395  ]
 [104.81336   168.82976   118.523865  188.92902  ]]
INFO:root:1 排序后结果
[[ 10.297525 182.07336 ]
 [ 26.794455 181.88054 ]
 [ 61.895576 181.75891 ]
 [ 78.10222  181.33463 ]
 [111.66861  178.8794  ]
 [134.51878  178.17334 ]
 [164.78647  178.33652 ]
 [179.84091  178.2546  ]
 [214.81772  177.79868 ]
 [230.67767  177.61389 ]
 [265.2615   176.61575 ]
 [281.21375  176.42078 ]]
['7' '8' '7' '9' '8' '0' '8' '1' '8' '2' '8' '3']
[[  4.8251696 174.1328     15.769882  190.01395  ]
 [ 21.465164  173.79562    32.123745  189.96545  ]
 [ 56.62254   174.0306     67.16862   189.48723  ]
 [ 72.86018   173.22371    83.34426   189.44553  ]
 [104.81336   168.82976   118.523865  188.92902  ]
 [127.295425  168.29205   141.74214   188.05461  ]
 [159.66203   170.00853   169.91089   186.6645   ]
 [176.5254    170.30334   183.15643   186.20584  ]
 [209.57016   169.70496   220.06529   185.89238  ]
 [225.61916   169.68903   235.7362    185.53877  ]
 [259.9343    168.43109   270.5887    184.8004   ]
 [276.0866    168.06306   286.34085   184.77849  ]]
INFO:root:探测1-9刻度是否存在
INFO:root:不存在1-9刻度 1
INFO:root:4 存在>9刻度,正常划分刻度
DEBUG:root:[16.49693  35.10112  16.206642 33.56639  22.850174 30.267685 15.054443
 34.976807 15.859955 34.58383  15.95224 ]
INFO:root: 划分后的刻度和坐标
刻度:
[78 79 80 81 82 83]
坐标:
[[ 18.54599 181.97696]
 [ 69.9989  181.54677]
 [123.0937  178.52637]
 [172.31369 178.29556]
 [222.7477  177.70628]
 [273.2376  176.51826]]
INFO:root:去除三位数坐标
INFO:root:去除三位数坐标后[[ 18.54599 181.97696]
 [ 69.9989  181.54677]
 [123.0937  178.52637]
 [172.31369 178.29556]
 [222.7477  177.70628]
 [273.2376  176.51826]] [78 79 80 81 82 83]
INFO:root:去除单数坐标
INFO:root:去除一般情况下的单数
INFO:root:应删除的索引[]
INFO:root: 删除多余得单or三位数刻度和坐标
刻度:
[78 79 80 81 82 83]
坐标:
[[ 18.54599 181.97696]
 [ 69.9989  181.54677]
 [123.0937  178.52637]
 [172.31369 178.29556]
 [222.7477  177.70628]
 [273.2376  176.51826]]
INFO:root:探测保留连续数字，删除非连续数字
DEBUG:root:count_lst[5] pointer_lst[4]
DEBUG:root:keep [0, 1, 2, 3, 4, 5] keep_class[78 79 80 81 82 83]
INFO:root: 保留连续的刻度和坐标
刻度:
[78 79 80 81 82 83]
坐标:
[[ 18.54599 181.97696]
 [ 69.9989  181.54677]
 [123.0937  178.52637]
 [172.31369 178.29556]
 [222.7477  177.70628]
 [273.2376  176.51826]]
INFO:root:5 获取实际刻度和坐标
实际刻度:
[78 79 80 81 82 83]
坐标:
[[ 18.54599 181.97696]
 [ 69.9989  181.54677]
 [123.0937  178.52637]
 [172.31369 178.29556]
 [222.7477  177.70628]
 [273.2376  176.51826]]
INFO:root:6 指针中心坐标
[134.09735 136.01764]
DEBUG:root:x 134 y 125
DEBUG:PIL.PngImagePlugin:STREAM b'IHDR' 16 13
DEBUG:PIL.PngImagePlugin:STREAM b'IDAT' 41 1216
INFO:root:**********读数计算程序**********
INFO:root:原始数据
class size:12==>['8' '2' '8' '8' '0' '7' '9' '8' '3' '1' '7' '8']
boxes size:12 boxes==>
[[159.78743  170.14801  169.91702  186.69777 ]
 [225.69037  169.72714  235.74014  185.51459 ]
 [209.72818  169.80032  220.08862  185.87677 ]
 [260.03058  168.48405  270.63232  184.79295 ]
 [127.404205 168.36905  141.68843  188.0756  ]
 [ 56.67866  174.01239   67.151    189.45622 ]
 [ 72.91945  173.22318   83.29706  189.35452 ]
 [ 21.534557 173.93312   32.030254 190.01822 ]
 [276.1345   168.10207  286.38083  184.80783 ]
 [176.63966  170.42606  183.2389   186.29118 ]
 [  4.945454 174.33913   15.688797 190.05763 ]
 [104.96381  168.95789  118.47884  188.92014 ]]
INFO:root:1 排序后结果
[[ 10.317125 182.19838 ]
 [ 26.782406 181.97568 ]
 [ 61.914833 181.73431 ]
 [ 78.10825  181.28885 ]
 [111.72133  178.93901 ]
 [134.54633  178.22232 ]
 [164.85223  178.42288 ]
 [179.93929  178.35861 ]
 [214.9084   177.83855 ]
 [230.71526  177.62086 ]
 [265.33145  176.6385  ]
 [281.25766  176.45496 ]]
['7' '8' '7' '9' '8' '0' '8' '1' '8' '2' '8' '3']
[[  4.945454 174.33913   15.688797 190.05763 ]
 [ 21.534557 173.93312   32.030254 190.01822 ]
 [ 56.67866  174.01239   67.151    189.45622 ]
 [ 72.91945  173.22318   83.29706  189.35452 ]
 [104.96381  168.95789  118.47884  188.92014 ]
 [127.404205 168.36905  141.68843  188.0756  ]
 [159.78743  170.14801  169.91702  186.69777 ]
 [176.63966  170.42606  183.2389   186.29118 ]
 [209.72818  169.80032  220.08862  185.87677 ]
 [225.69037  169.72714  235.74014  185.51459 ]
 [260.03058  168.48405  270.63232  184.79295 ]
 [276.1345   168.10207  286.38083  184.80783 ]]
INFO:root:探测1-9刻度是否存在
INFO:root:不存在1-9刻度 1
INFO:root:4 存在>9刻度,正常划分刻度
DEBUG:root:[16.46528   35.132427  16.19342   33.613075  22.824997  30.305908
 15.087051  34.969116  15.806854  34.616196  15.9262085]
INFO:root: 划分后的刻度和坐标
刻度:
[78 79 80 81 82 83]
坐标:
[[ 18.549767 182.08704 ]
 [ 70.01154  181.51158 ]
 [123.13383  178.58066 ]
 [172.39575  178.39075 ]
 [222.81183  177.7297  ]
 [273.29456  176.54672 ]]
INFO:root:去除三位数坐标
INFO:root:去除三位数坐标后[[ 18.549767 182.08704 ]
 [ 70.01154  181.51158 ]
 [123.13383  178.58066 ]
 [172.39575  178.39075 ]
 [222.81183  177.7297  ]
 [273.29456  176.54672 ]] [78 79 80 81 82 83]
INFO:root:去除单数坐标
INFO:root:去除一般情况下的单数
INFO:root:应删除的索引[]
INFO:root: 删除多余得单or三位数刻度和坐标
刻度:
[78 79 80 81 82 83]
坐标:
[[ 18.549767 182.08704 ]
 [ 70.01154  181.51158 ]
 [123.13383  178.58066 ]
 [172.39575  178.39075 ]
 [222.81183  177.7297  ]
 [273.29456  176.54672 ]]
INFO:root:探测保留连续数字，删除非连续数字
DEBUG:root:count_lst[5] pointer_lst[4]
DEBUG:root:keep [0, 1, 2, 3, 4, 5] keep_class[78 79 80 81 82 83]
INFO:root: 保留连续的刻度和坐标
刻度:
[78 79 80 81 82 83]
坐标:
[[ 18.549767 182.08704 ]
 [ 70.01154  181.51158 ]
 [123.13383  178.58066 ]
 [172.39575  178.39075 ]
 [222.81183  177.7297  ]
 [273.29456  176.54672 ]]
INFO:root:5 获取实际刻度和坐标
实际刻度:
[78 79 80 81 82 83]
坐标:
[[ 18.549767 182.08704 ]
 [ 70.01154  181.51158 ]
 [123.13383  178.58066 ]
 [172.39575  178.39075 ]
 [222.81183  177.7297  ]
 [273.29456  176.54672 ]]
INFO:root:6 指针中心坐标
[134.31834 136.13834]
DEBUG:root:x 134 y 125
DEBUG:PIL.PngImagePlugin:STREAM b'IHDR' 16 13
DEBUG:PIL.PngImagePlugin:STREAM b'IDAT' 41 1216
INFO:root:**********读数计算程序**********
INFO:root:原始数据
class size:12==>['8' '2' '8' '8' '0' '7' '9' '1' '8' '3' '7' '8']
boxes size:12 boxes==>
[[159.7258   170.15211  169.8968   186.66998 ]
 [225.7184   169.72327  235.76035  185.54533 ]
 [209.7257   169.80376  220.0732   185.91034 ]
 [260.0612   168.44707  270.61325  184.8128  ]
 [127.3747   168.38087  141.68994  188.05138 ]
 [ 56.628437 174.05373   67.08477  189.44531 ]
 [ 72.90666  173.23654   83.28873  189.34225 ]
 [176.64847  170.42508  183.2443   186.26288 ]
 [ 21.504961 173.96579   32.023514 190.04102 ]
 [276.23706  168.0472   286.43582  184.81497 ]
 [  4.899225 174.30571   15.706136 190.047   ]
 [104.96663  168.96616  118.495605 188.92061 ]]
INFO:root:1 排序后结果
[[ 10.302681 182.17636 ]
 [ 26.764236 182.0034  ]
 [ 61.856606 181.74951 ]
 [ 78.097694 181.2894  ]
 [111.73112  178.94339 ]
 [134.53232  178.21613 ]
 [164.81131  178.41104 ]
 [179.94638  178.34398 ]
 [214.89944  177.85706 ]
 [230.73938  177.63431 ]
 [265.33722  176.62994 ]
 [281.33643  176.43109 ]]
['7' '8' '7' '9' '8' '0' '8' '1' '8' '2' '8' '3']
[[  4.899225 174.30571   15.706136 190.047   ]
 [ 21.504961 173.96579   32.023514 190.04102 ]
 [ 56.628437 174.05373   67.08477  189.44531 ]
 [ 72.90666  173.23654   83.28873  189.34225 ]
 [104.96663  168.96616  118.495605 188.92061 ]
 [127.3747   168.38087  141.68994  188.05138 ]
 [159.7258   170.15211  169.8968   186.66998 ]
 [176.64847  170.42508  183.2443   186.26288 ]
 [209.7257   169.80376  220.0732   185.91034 ]
 [225.7184   169.72327  235.76035  185.54533 ]
 [260.0612   168.44707  270.61325  184.8128  ]
 [276.23706  168.0472   286.43582  184.81497 ]]
INFO:root:探测1-9刻度是否存在
INFO:root:不存在1-9刻度 1
INFO:root:4 存在>9刻度,正常划分刻度
DEBUG:root:[16.461555 35.09237  16.241089 33.633423 22.8012   30.278992 15.135071
 34.953064 15.839935 34.59784  15.999207]
INFO:root: 划分后的刻度和坐标
刻度:
[78 79 80 81 82 83]
坐标:
[[ 18.533459 182.08987 ]
 [ 69.97715  181.51945 ]
 [123.131714 178.57976 ]
 [172.37885  178.3775  ]
 [222.81941  177.74568 ]
 [273.33682  176.53052 ]]
INFO:root:去除三位数坐标
INFO:root:去除三位数坐标后[[ 18.533459 182.08987 ]
 [ 69.97715  181.51945 ]
 [123.131714 178.57976 ]
 [172.37885  178.3775  ]
 [222.81941  177.74568 ]
 [273.33682  176.53052 ]] [78 79 80 81 82 83]
INFO:root:去除单数坐标
INFO:root:去除一般情况下的单数
INFO:root:应删除的索引[]
INFO:root: 删除多余得单or三位数刻度和坐标
刻度:
[78 79 80 81 82 83]
坐标:
[[ 18.533459 182.08987 ]
 [ 69.97715  181.51945 ]
 [123.131714 178.57976 ]
 [172.37885  178.3775  ]
 [222.81941  177.74568 ]
 [273.33682  176.53052 ]]
INFO:root:探测保留连续数字，删除非连续数字
DEBUG:root:count_lst[5] pointer_lst[4]
DEBUG:root:keep [0, 1, 2, 3, 4, 5] keep_class[78 79 80 81 82 83]
INFO:root: 保留连续的刻度和坐标
刻度:
[78 79 80 81 82 83]
坐标:
[[ 18.533459 182.08987 ]
 [ 69.97715  181.51945 ]
 [123.131714 178.57976 ]
 [172.37885  178.3775  ]
 [222.81941  177.74568 ]
 [273.33682  176.53052 ]]
INFO:root:5 获取实际刻度和坐标
实际刻度:
[78 79 80 81 82 83]
坐标:
[[ 18.533459 182.08987 ]
 [ 69.97715  181.51945 ]
 [123.131714 178.57976 ]
 [172.37885  178.3775  ]
 [222.81941  177.74568 ]
 [273.33682  176.53052 ]]
INFO:root:6 指针中心坐标
[134.32791 136.15897]
DEBUG:root:x 134 y 125
INFO:root:**********读数计算程序**********
INFO:root:原始数据
class size:12==>['8' '2' '8' '8' '0' '7' '9' '8' '1' '3' '7' '8']
boxes size:12 boxes==>
[[159.8411    170.17392   169.94691   186.67207  ]
 [225.69768   169.75166   235.72542   185.54944  ]
 [209.71977   169.8356    220.05458   185.92169  ]
 [260.0878    168.49875   270.63712   184.81369  ]
 [127.40984   168.39209   141.67296   188.03122  ]
 [ 56.62636   174.03246    67.05788   189.45734  ]
 [ 72.889854  173.22237    83.25988   189.37045  ]
 [ 21.499876  173.94698    31.987827  189.99513  ]
 [176.74103   170.43938   183.32257   186.23712  ]
 [276.2122    168.05147   286.42844   184.81981  ]
 [  4.8799877 174.30933    15.656784  190.01852  ]
 [104.97757   168.99918   118.49261   188.90942  ]]
INFO:root:1 排序后结果
[[ 10.268386 182.16393 ]
 [ 26.74385  181.97105 ]
 [ 61.842117 181.7449  ]
 [ 78.07487  181.29642 ]
 [111.73509  178.9543  ]
 [134.5414   178.21165 ]
 [164.89401  178.423   ]
 [180.0318   178.33826 ]
 [214.88718  177.87865 ]
 [230.71155  177.65054 ]
 [265.36246  176.65622 ]
 [281.3203   176.43564 ]]
['7' '8' '7' '9' '8' '0' '8' '1' '8' '2' '8' '3']
[[  4.8799877 174.30933    15.656784  190.01852  ]
 [ 21.499876  173.94698    31.987827  189.99513  ]
 [ 56.62636   174.03246    67.05788   189.45734  ]
 [ 72.889854  173.22237    83.25988   189.37045  ]
 [104.97757   168.99918   118.49261   188.90942  ]
 [127.40984   168.39209   141.67296   188.03122  ]
 [159.8411    170.17392   169.94691   186.67207  ]
 [176.74103   170.43938   183.32257   186.23712  ]
 [209.71977   169.8356    220.05458   185.92169  ]
 [225.69768   169.75166   235.72542   185.54944  ]
 [260.0878    168.49875   270.63712   184.81369  ]
 [276.2122    168.05147   286.42844   184.81981  ]]
INFO:root:探测1-9刻度是否存在
INFO:root:不存在1-9刻度 1
INFO:root:4 存在>9刻度,正常划分刻度
DEBUG:root:[16.475464 35.098267 16.23275  33.660225 22.806305 30.352615 15.137787
 34.855377 15.824371 34.65091  15.957855]
INFO:root: 划分后的刻度和坐标
刻度:
[78 79 80 81 82 83]
坐标:
[[ 18.506119 182.06749 ]
 [ 69.958496 181.52066 ]
 [123.138245 178.58298 ]
 [172.4629   178.38063 ]
 [222.79936  177.76459 ]
 [273.34137  176.54593 ]]
INFO:root:去除三位数坐标
INFO:root:去除三位数坐标后[[ 18.506119 182.06749 ]
 [ 69.958496 181.52066 ]
 [123.138245 178.58298 ]
 [172.4629   178.38063 ]
 [222.79936  177.76459 ]
 [273.34137  176.54593 ]] [78 79 80 81 82 83]
INFO:root:去除单数坐标
INFO:root:去除一般情况下的单数
INFO:root:应删除的索引[]
INFO:root: 删除多余得单or三位数刻度和坐标
刻度:
[78 79 80 81 82 83]
坐标:
[[ 18.506119 182.06749 ]
 [ 69.958496 181.52066 ]
 [123.138245 178.58298 ]
 [172.4629   178.38063 ]
 [222.79936  177.76459 ]
 [273.34137  176.54593 ]]
INFO:root:探测保留连续数字，删除非连续数字
DEBUG:root:count_lst[5] pointer_lst[4]
DEBUG:root:keep [0, 1, 2, 3, 4, 5] keep_class[78 79 80 81 82 83]
INFO:root: 保留连续的刻度和坐标
刻度:
[78 79 80 81 82 83]
坐标:
[[ 18.506119 182.06749 ]
 [ 69.958496 181.52066 ]
 [123.138245 178.58298 ]
 [172.4629   178.38063 ]
 [222.79936  177.76459 ]
 [273.34137  176.54593 ]]
INFO:root:5 获取实际刻度和坐标
实际刻度:
[78 79 80 81 82 83]
坐标:
[[ 18.506119 182.06749 ]
 [ 69.958496 181.52066 ]
 [123.138245 178.58298 ]
 [172.4629   178.38063 ]
 [222.79936  177.76459 ]
 [273.34137  176.54593 ]]
INFO:root:6 指针中心坐标
[134.29509 136.19746]
DEBUG:root:x 134 y 125
INFO:root:**********读数计算程序**********
INFO:root:原始数据
class size:12==>['8' '2' '8' '8' '0' '7' '9' '8' '3' '1' '7' '8']
boxes size:12 boxes==>
[[159.78432  170.14766  169.9131   186.69193 ]
 [225.7036   169.74193  235.72647  185.53256 ]
 [260.0891   168.49385  270.65604  184.80379 ]
 [209.7996   169.83606  220.11137  185.89526 ]
 [127.40981  168.35403  141.67616  188.01006 ]
 [ 56.68938  174.0372    67.14747  189.43163 ]
 [ 72.92208  173.22444   83.32975  189.34656 ]
 [ 21.517347 173.95901   31.99802  189.95775 ]
 [276.1657   168.09938  286.3924   184.80229 ]
 [176.7149   170.42087  183.31754  186.23418 ]
 [  4.933233 174.35406   15.694323 190.00618 ]
 [104.95845  168.91785  118.50668  188.8914  ]]
INFO:root:1 排序后结果
[[ 10.313778 182.18011 ]
 [ 26.757683 181.95837 ]
 [ 61.918427 181.7344  ]
 [ 78.125916 181.28549 ]
 [111.73257  178.90463 ]
 [134.54298  178.18204 ]
 [164.84871  178.4198  ]
 [180.01622  178.32751 ]
 [214.95549  177.86566 ]
 [230.71503  177.63724 ]
 [265.37256  176.64882 ]
 [281.27905  176.45084 ]]
['7' '8' '7' '9' '8' '0' '8' '1' '8' '2' '8' '3']
[[  4.933233 174.35406   15.694323 190.00618 ]
 [ 21.517347 173.95901   31.99802  189.95775 ]
 [ 56.68938  174.0372    67.14747  189.43163 ]
 [ 72.92208  173.22444   83.32975  189.34656 ]
 [104.95845  168.91785  118.50668  188.8914  ]
 [127.40981  168.35403  141.67616  188.01006 ]
 [159.78432  170.14766  169.9131   186.69193 ]
 [176.7149   170.42087  183.31754  186.23418 ]
 [209.7996   169.83606  220.11137  185.89526 ]
 [225.7036   169.74193  235.72647  185.53256 ]
 [260.0891   168.49385  270.65604  184.80379 ]
 [276.1657   168.09938  286.3924   184.80229 ]]
INFO:root:探测1-9刻度是否存在
INFO:root:不存在1-9刻度 1
INFO:root:4 存在>9刻度,正常划分刻度
DEBUG:root:[16.443905 35.160744 16.207489 33.60665  22.810417 30.305725 15.167511
 34.93927  15.759537 34.65753  15.906494]
INFO:root: 划分后的刻度和坐标
刻度:
[78 79 80 81 82 83]
坐标:
[[ 18.53573 182.06924]
 [ 70.02217 181.50995]
 [123.13777 178.54333]
 [172.43246 178.37366]
 [222.83527 177.75145]
 [273.3258  176.54984]]
INFO:root:去除三位数坐标
INFO:root:去除三位数坐标后[[ 18.53573 182.06924]
 [ 70.02217 181.50995]
 [123.13777 178.54333]
 [172.43246 178.37366]
 [222.83527 177.75145]
 [273.3258  176.54984]] [78 79 80 81 82 83]
INFO:root:去除单数坐标
INFO:root:去除一般情况下的单数
INFO:root:应删除的索引[]
INFO:root: 删除多余得单or三位数刻度和坐标
刻度:
[78 79 80 81 82 83]
坐标:
[[ 18.53573 182.06924]
 [ 70.02217 181.50995]
 [123.13777 178.54333]
 [172.43246 178.37366]
 [222.83527 177.75145]
 [273.3258  176.54984]]
INFO:root:探测保留连续数字，删除非连续数字
DEBUG:root:count_lst[5] pointer_lst[4]
DEBUG:root:keep [0, 1, 2, 3, 4, 5] keep_class[78 79 80 81 82 83]
INFO:root: 保留连续的刻度和坐标
刻度:
[78 79 80 81 82 83]
坐标:
[[ 18.53573 182.06924]
 [ 70.02217 181.50995]
 [123.13777 178.54333]
 [172.43246 178.37366]
 [222.83527 177.75145]
 [273.3258  176.54984]]
INFO:root:5 获取实际刻度和坐标
实际刻度:
[78 79 80 81 82 83]
坐标:
[[ 18.53573 182.06924]
 [ 70.02217 181.50995]
 [123.13777 178.54333]
 [172.43246 178.37366]
 [222.83527 177.75145]
 [273.3258  176.54984]]
INFO:root:6 指针中心坐标
[134.235   136.14517]
DEBUG:root:x 134 y 125
INFO:root:**********读数计算程序**********
INFO:root:原始数据
class size:12==>['8' '2' '8' '0' '8' '7' '9' '8' '3' '1' '7' '8']
boxes size:12 boxes==>
[[159.8079    170.14548   169.9277    186.63724  ]
 [225.6949    169.77635   235.73291   185.55347  ]
 [260.05127   168.51793   270.6431    184.78922  ]
 [127.38736   168.38202   141.71611   188.04697  ]
 [209.7747    169.85965   220.09871   185.91507  ]
 [ 56.6796    174.04175    67.10656   189.43752  ]
 [ 72.92679   173.24927    83.28182   189.3497   ]
 [ 21.504076  173.927      32.001637  189.95775  ]
 [276.19907   168.10124   286.4357    184.77185  ]
 [176.72101   170.45291   183.29378   186.22302  ]
 [  4.9091415 174.28662    15.704616  189.99974  ]
 [104.9207    168.97507   118.46563   188.88951  ]]
INFO:root:1 排序后结果
[[ 10.306879 182.14319 ]
 [ 26.752857 181.94238 ]
 [ 61.89308  181.73962 ]
 [ 78.10431  181.29948 ]
 [111.69316  178.93228 ]
 [134.55173  178.2145  ]
 [164.8678   178.39136 ]
 [180.00739  178.33797 ]
 [214.9367   177.88736 ]
 [230.7139   177.66492 ]
 [265.34717  176.65356 ]
 [281.31738  176.43655 ]]
['7' '8' '7' '9' '8' '0' '8' '1' '8' '2' '8' '3']
[[  4.9091415 174.28662    15.704616  189.99974  ]
 [ 21.504076  173.927      32.001637  189.95775  ]
 [ 56.6796    174.04175    67.10656   189.43752  ]
 [ 72.92679   173.24927    83.28182   189.3497   ]
 [104.9207    168.97507   118.46563   188.88951  ]
 [127.38736   168.38202   141.71611   188.04697  ]
 [159.8079    170.14548   169.9277    186.63724  ]
 [176.72101   170.45291   183.29378   186.22302  ]
 [209.7747    169.85965   220.09871   185.91507  ]
 [225.6949    169.77635   235.73291   185.55347  ]
 [260.05127   168.51793   270.6431    184.78922  ]
 [276.19907   168.10124   286.4357    184.77185  ]]
INFO:root:探测1-9刻度是否存在
INFO:root:不存在1-9刻度 1
INFO:root:4 存在>9刻度,正常划分刻度
DEBUG:root:[16.445978 35.140224 16.211227 33.588852 22.858566 30.31607  15.139587
 34.92932  15.777191 34.63327  15.970215]
INFO:root: 划分后的刻度和坐标
刻度:
[78 79 80 81 82 83]
坐标:
[[ 18.52987  182.04279 ]
 [ 69.998695 181.51956 ]
 [123.122444 178.5734  ]
 [172.43759  178.36465 ]
 [222.8253   177.77614 ]
 [273.33228  176.54506 ]]
INFO:root:去除三位数坐标
INFO:root:去除三位数坐标后[[ 18.52987  182.04279 ]
 [ 69.998695 181.51956 ]
 [123.122444 178.5734  ]
 [172.43759  178.36465 ]
 [222.8253   177.77614 ]
 [273.33228  176.54506 ]] [78 79 80 81 82 83]
INFO:root:去除单数坐标
INFO:root:去除一般情况下的单数
INFO:root:应删除的索引[]
INFO:root: 删除多余得单or三位数刻度和坐标
刻度:
[78 79 80 81 82 83]
坐标:
[[ 18.52987  182.04279 ]
 [ 69.998695 181.51956 ]
 [123.122444 178.5734  ]
 [172.43759  178.36465 ]
 [222.8253   177.77614 ]
 [273.33228  176.54506 ]]
INFO:root:探测保留连续数字，删除非连续数字
DEBUG:root:count_lst[5] pointer_lst[4]
DEBUG:root:keep [0, 1, 2, 3, 4, 5] keep_class[78 79 80 81 82 83]
INFO:root: 保留连续的刻度和坐标
刻度:
[78 79 80 81 82 83]
坐标:
[[ 18.52987  182.04279 ]
 [ 69.998695 181.51956 ]
 [123.122444 178.5734  ]
 [172.43759  178.36465 ]
 [222.8253   177.77614 ]
 [273.33228  176.54506 ]]
INFO:root:5 获取实际刻度和坐标
实际刻度:
[78 79 80 81 82 83]
坐标:
[[ 18.52987  182.04279 ]
 [ 69.998695 181.51956 ]
 [123.122444 178.5734  ]
 [172.43759  178.36465 ]
 [222.8253   177.77614 ]
 [273.33228  176.54506 ]]
INFO:root:6 指针中心坐标
[134.28967 136.16164]
DEBUG:root:x 134 y 125
INFO:root:**********读数计算程序**********
INFO:root:原始数据
class size:12==>['8' '2' '8' '8' '0' '7' '9' '8' '3' '1' '7' '8']
boxes size:12 boxes==>
[[159.73001  170.1492   169.88991  186.69807 ]
 [225.70782  169.7721   235.74643  185.575   ]
 [260.07788  168.48239  270.67096  184.82434 ]
 [209.77344  169.84662  220.10735  185.9212  ]
 [127.41105  168.35837  141.71869  188.07385 ]
 [ 56.65699  173.99426   67.12714  189.4587  ]
 [ 72.900055 173.20282   83.25814  189.34575 ]
 [ 21.527039 173.96393   32.057716 190.02246 ]
 [276.23813  168.04466  286.48825  184.81595 ]
 [176.70937  170.5089   183.29715  186.2967  ]
 [  4.885902 174.3325    15.718265 190.03229 ]
 [104.98497  168.95587  118.49479  188.93246 ]]
INFO:root:1 排序后结果
[[ 10.302083 182.1824  ]
 [ 26.792377 181.9932  ]
 [ 61.892063 181.72647 ]
 [ 78.0791   181.27429 ]
 [111.73988  178.94417 ]
 [134.56487  178.21611 ]
 [164.80997  178.42365 ]
 [180.00327  178.4028  ]
 [214.9404   177.88391 ]
 [230.72713  177.67355 ]
 [265.37442  176.65337 ]
 [281.3632   176.4303  ]]
['7' '8' '7' '9' '8' '0' '8' '1' '8' '2' '8' '3']
[[  4.885902 174.3325    15.718265 190.03229 ]
 [ 21.527039 173.96393   32.057716 190.02246 ]
 [ 56.65699  173.99426   67.12714  189.4587  ]
 [ 72.900055 173.20282   83.25814  189.34575 ]
 [104.98497  168.95587  118.49479  188.93246 ]
 [127.41105  168.35837  141.71869  188.07385 ]
 [159.73001  170.1492   169.88991  186.69807 ]
 [176.70937  170.5089   183.29715  186.2967  ]
 [209.77344  169.84662  220.10735  185.9212  ]
 [225.70782  169.7721   235.74643  185.575   ]
 [260.07788  168.48239  270.67096  184.82434 ]
 [276.23813  168.04466  286.48825  184.81595 ]]
INFO:root:探测1-9刻度是否存在
INFO:root:不存在1-9刻度 1
INFO:root:4 存在>9刻度,正常划分刻度
DEBUG:root:[16.490295 35.099686 16.187038 33.66078  22.824982 30.245102 15.193298
 34.937134 15.786728 34.647293 15.98877 ]
INFO:root: 划分后的刻度和坐标
刻度:
[78 79 80 81 82 83]
坐标:
[[ 18.54723  182.0878  ]
 [ 69.98558  181.50038 ]
 [123.152374 178.58014 ]
 [172.40662  178.41322 ]
 [222.83377  177.77873 ]
 [273.3688   176.54184 ]]
INFO:root:去除三位数坐标
INFO:root:去除三位数坐标后[[ 18.54723  182.0878  ]
 [ 69.98558  181.50038 ]
 [123.152374 178.58014 ]
 [172.40662  178.41322 ]
 [222.83377  177.77873 ]
 [273.3688   176.54184 ]] [78 79 80 81 82 83]
INFO:root:去除单数坐标
INFO:root:去除一般情况下的单数
INFO:root:应删除的索引[]
INFO:root: 删除多余得单or三位数刻度和坐标
刻度:
[78 79 80 81 82 83]
坐标:
[[ 18.54723  182.0878  ]
 [ 69.98558  181.50038 ]
 [123.152374 178.58014 ]
 [172.40662  178.41322 ]
 [222.83377  177.77873 ]
 [273.3688   176.54184 ]]
INFO:root:探测保留连续数字，删除非连续数字
DEBUG:root:count_lst[5] pointer_lst[4]
DEBUG:root:keep [0, 1, 2, 3, 4, 5] keep_class[78 79 80 81 82 83]
INFO:root: 保留连续的刻度和坐标
刻度:
[78 79 80 81 82 83]
坐标:
[[ 18.54723  182.0878  ]
 [ 69.98558  181.50038 ]
 [123.152374 178.58014 ]
 [172.40662  178.41322 ]
 [222.83377  177.77873 ]
 [273.3688   176.54184 ]]
INFO:root:5 获取实际刻度和坐标
实际刻度:
[78 79 80 81 82 83]
坐标:
[[ 18.54723  182.0878  ]
 [ 69.98558  181.50038 ]
 [123.152374 178.58014 ]
 [172.40662  178.41322 ]
 [222.83377  177.77873 ]
 [273.3688   176.54184 ]]
INFO:root:6 指针中心坐标
[134.39444 136.10756]
DEBUG:root:x 134 y 125
INFO:root:**********读数计算程序**********
INFO:root:原始数据
class size:12==>['8' '2' '8' '8' '0' '7' '9' '8' '1' '3' '7' '8']
boxes size:12 boxes==>
[[159.74127   170.13449   169.90326   186.71236  ]
 [225.69917   169.76636   235.73439   185.54022  ]
 [209.76154   169.83864   220.08446   185.90721  ]
 [260.08368   168.50426   270.66028   184.78662  ]
 [127.38579   168.3867    141.7025    188.06174  ]
 [ 56.660538  174.06892    67.146034  189.47528  ]
 [ 72.921036  173.25883    83.3269    189.38216  ]
 [ 21.48402   173.94302    32.004528  190.03001  ]
 [176.74825   170.48943   183.34029   186.32133  ]
 [276.17178   168.072     286.3955    184.77856  ]
 [  4.9181695 174.28528    15.729922  190.02927  ]
 [104.96      168.967     118.48609   188.88994  ]]
INFO:root:1 排序后结果
[[ 10.324046 182.15727 ]
 [ 26.744274 181.98651 ]
 [ 61.903286 181.7721  ]
 [ 78.12396  181.3205  ]
 [111.723045 178.92847 ]
 [134.54414  178.22421 ]
 [164.82227  178.42343 ]
 [180.04427  178.40538 ]
 [214.923    177.87292 ]
 [230.71678  177.65329 ]
 [265.37198  176.64545 ]
 [281.28363  176.4253  ]]
['7' '8' '7' '9' '8' '0' '8' '1' '8' '2' '8' '3']
[[  4.9181695 174.28528    15.729922  190.02927  ]
 [ 21.48402   173.94302    32.004528  190.03001  ]
 [ 56.660538  174.06892    67.146034  189.47528  ]
 [ 72.921036  173.25883    83.3269    189.38216  ]
 [104.96      168.967     118.48609   188.88994  ]
 [127.38579   168.3867    141.7025    188.06174  ]
 [159.74127   170.13449   169.90326   186.71236  ]
 [176.74825   170.48943   183.34029   186.32133  ]
 [209.76154   169.83864   220.08446   185.90721  ]
 [225.69917   169.76636   235.73439   185.54022  ]
 [260.08368   168.50426   270.66028   184.78662  ]
 [276.17178   168.072     286.3955    184.77856  ]]
INFO:root:探测1-9刻度是否存在
INFO:root:不存在1-9刻度 1
INFO:root:4 存在>9刻度,正常划分刻度
DEBUG:root:[16.420227 35.15901  16.220676 33.599083 22.821098 30.278122 15.222
 34.87874  15.793777 34.655197 15.911652]
INFO:root: 划分后的刻度和坐标
刻度:
[78 79 80 81 82 83]
坐标:
[[ 18.53416  182.0719  ]
 [ 70.013626 181.5463  ]
 [123.13359  178.57634 ]
 [172.43326  178.4144  ]
 [222.81989  177.7631  ]
 [273.32782  176.53537 ]]
INFO:root:去除三位数坐标
INFO:root:去除三位数坐标后[[ 18.53416  182.0719  ]
 [ 70.013626 181.5463  ]
 [123.13359  178.57634 ]
 [172.43326  178.4144  ]
 [222.81989  177.7631  ]
 [273.32782  176.53537 ]] [78 79 80 81 82 83]
INFO:root:去除单数坐标
INFO:root:去除一般情况下的单数
INFO:root:应删除的索引[]
INFO:root: 删除多余得单or三位数刻度和坐标
刻度:
[78 79 80 81 82 83]
坐标:
[[ 18.53416  182.0719  ]
 [ 70.013626 181.5463  ]
 [123.13359  178.57634 ]
 [172.43326  178.4144  ]
 [222.81989  177.7631  ]
 [273.32782  176.53537 ]]
INFO:root:探测保留连续数字，删除非连续数字
DEBUG:root:count_lst[5] pointer_lst[4]
DEBUG:root:keep [0, 1, 2, 3, 4, 5] keep_class[78 79 80 81 82 83]
INFO:root: 保留连续的刻度和坐标
刻度:
[78 79 80 81 82 83]
坐标:
[[ 18.53416  182.0719  ]
 [ 70.013626 181.5463  ]
 [123.13359  178.57634 ]
 [172.43326  178.4144  ]
 [222.81989  177.7631  ]
 [273.32782  176.53537 ]]
INFO:root:5 获取实际刻度和坐标
实际刻度:
[78 79 80 81 82 83]
坐标:
[[ 18.53416  182.0719  ]
 [ 70.013626 181.5463  ]
 [123.13359  178.57634 ]
 [172.43326  178.4144  ]
 [222.81989  177.7631  ]
 [273.32782  176.53537 ]]
INFO:root:6 指针中心坐标
[134.32216 136.10281]
DEBUG:root:x 134 y 125
INFO:root:**********读数计算程序**********
INFO:root:原始数据
class size:12==>['8' '2' '0' '8' '7' '8' '8' '3' '9' '1' '7' '8']
boxes size:12 boxes==>
[[159.5684   172.98001  169.6941   189.1024  ]
 [225.35542  171.56392  235.46039  187.38324 ]
 [127.80908  170.50174  141.97728  190.29068 ]
 [209.334    171.69872  219.76936  187.9558  ]
 [ 57.24849  177.06728   67.561356 192.4583  ]
 [259.23215  170.50626  269.95096  186.6358  ]
 [ 21.812136 176.84386   32.365623 192.98817 ]
 [275.43466  170.30463  285.82     186.7092  ]
 [ 73.58303  176.24594   83.81945  192.43295 ]
 [176.88792  173.36655  183.43628  188.85828 ]
 [  5.532104 177.05838   16.369375 192.88795 ]
 [105.260414 170.93843  118.570694 191.44193 ]]
INFO:root:1 排序后结果
[[ 10.95074  184.97318 ]
 [ 27.088879 184.91602 ]
 [ 62.404922 184.76279 ]
 [ 78.70124  184.33945 ]
 [111.91556  181.19019 ]
 [134.89319  180.39621 ]
 [164.63126  181.0412  ]
 [180.16211  181.11241 ]
 [214.55168  179.82726 ]
 [230.4079   179.47357 ]
 [264.59155  178.57103 ]
 [280.62732  178.50691 ]]
['7' '8' '7' '9' '8' '0' '8' '1' '8' '2' '8' '3']
[[  5.532104 177.05838   16.369375 192.88795 ]
 [ 21.812136 176.84386   32.365623 192.98817 ]
 [ 57.24849  177.06728   67.561356 192.4583  ]
 [ 73.58303  176.24594   83.81945  192.43295 ]
 [105.260414 170.93843  118.570694 191.44193 ]
 [127.80908  170.50174  141.97728  190.29068 ]
 [159.5684   172.98001  169.6941   189.1024  ]
 [176.88792  173.36655  183.43628  188.85828 ]
 [209.334    171.69872  219.76936  187.9558  ]
 [225.35542  171.56392  235.46039  187.38324 ]
 [259.23215  170.50626  269.95096  186.6358  ]
 [275.43466  170.30463  285.82     186.7092  ]]
INFO:root:探测1-9刻度是否存在
INFO:root:不存在1-9刻度 1
INFO:root:4 存在>9刻度,正常划分刻度
DEBUG:root:[16.138138 35.316044 16.296318 33.214317 22.97763  29.738068 15.530853
 34.389572 15.856216 34.183655 16.035767]
INFO:root: 划分后的刻度和坐标
刻度:
[78 79 80 81 82 83]
坐标:
[[ 19.01981  184.9446  ]
 [ 70.553085 184.55112 ]
 [123.40437  180.7932  ]
 [172.39668  181.07681 ]
 [222.4798   179.65042 ]
 [272.60944  178.53897 ]]
INFO:root:去除三位数坐标
INFO:root:去除三位数坐标后[[ 19.01981  184.9446  ]
 [ 70.553085 184.55112 ]
 [123.40437  180.7932  ]
 [172.39668  181.07681 ]
 [222.4798   179.65042 ]
 [272.60944  178.53897 ]] [78 79 80 81 82 83]
INFO:root:去除单数坐标
INFO:root:去除一般情况下的单数
INFO:root:应删除的索引[]
INFO:root: 删除多余得单or三位数刻度和坐标
刻度:
[78 79 80 81 82 83]
坐标:
[[ 19.01981  184.9446  ]
 [ 70.553085 184.55112 ]
 [123.40437  180.7932  ]
 [172.39668  181.07681 ]
 [222.4798   179.65042 ]
 [272.60944  178.53897 ]]
INFO:root:探测保留连续数字，删除非连续数字
DEBUG:root:count_lst[5] pointer_lst[4]
DEBUG:root:keep [0, 1, 2, 3, 4, 5] keep_class[78 79 80 81 82 83]
INFO:root: 保留连续的刻度和坐标
刻度:
[78 79 80 81 82 83]
坐标:
[[ 19.01981  184.9446  ]
 [ 70.553085 184.55112 ]
 [123.40437  180.7932  ]
 [172.39668  181.07681 ]
 [222.4798   179.65042 ]
 [272.60944  178.53897 ]]
INFO:root:5 获取实际刻度和坐标
实际刻度:
[78 79 80 81 82 83]
坐标:
[[ 19.01981  184.9446  ]
 [ 70.553085 184.55112 ]
 [123.40437  180.7932  ]
 [172.39668  181.07681 ]
 [222.4798   179.65042 ]
 [272.60944  178.53897 ]]
INFO:root:6 指针中心坐标
[134.10274 136.44669]
DEBUG:root:x 134 y 125
INFO:root:**********读数计算程序**********
INFO:root:原始数据
class size:12==>['1' '0' '3' '7' '9' '8' '8' '8' '8' '2' '8' '7']
boxes size:12 boxes==>
[[1.70277390e+02 1.74314056e+02 1.76717621e+02 1.89757614e+02]
 [1.21323143e+02 1.72624283e+02 1.35494019e+02 1.91913589e+02]
 [2.69416626e+02 1.71861633e+02 2.79964905e+02 1.88032913e+02]
 [5.07371712e+01 1.78742523e+02 6.13450203e+01 1.94180374e+02]
 [6.67962341e+01 1.77773239e+02 7.74021835e+01 1.93958115e+02]
 [1.53640337e+01 1.78912003e+02 2.61124763e+01 1.95224899e+02]
 [2.53955811e+02 1.71875763e+02 2.64558411e+02 1.87714600e+02]
 [1.53382065e+02 1.75109344e+02 1.63390244e+02 1.90503540e+02]
 [9.78817291e+01 1.73021866e+02 1.11164764e+02 1.92923218e+02]
 [2.19163269e+02 1.73598129e+02 2.29487839e+02 1.88693420e+02]
 [2.04325790e+02 1.73293945e+02 2.14640228e+02 1.88886169e+02]
 [1.58252001e-01 1.79753159e+02 9.98989391e+00 1.95481415e+02]]
INFO:root:1 排序后结果
[[  5.074073 187.61728 ]
 [ 20.738255 187.06845 ]
 [ 56.041096 186.46146 ]
 [ 72.09921  185.86568 ]
 [104.52325  182.97253 ]
 [128.40858  182.26894 ]
 [158.38615  182.80644 ]
 [173.4975   182.03583 ]
 [209.483    181.09006 ]
 [224.32556  181.14578 ]
 [259.2571   179.79518 ]
 [274.69077  179.94727 ]]
['7' '8' '7' '9' '8' '0' '8' '1' '8' '2' '8' '3']
[[1.58252001e-01 1.79753159e+02 9.98989391e+00 1.95481415e+02]
 [1.53640337e+01 1.78912003e+02 2.61124763e+01 1.95224899e+02]
 [5.07371712e+01 1.78742523e+02 6.13450203e+01 1.94180374e+02]
 [6.67962341e+01 1.77773239e+02 7.74021835e+01 1.93958115e+02]
 [9.78817291e+01 1.73021866e+02 1.11164764e+02 1.92923218e+02]
 [1.21323143e+02 1.72624283e+02 1.35494019e+02 1.91913589e+02]
 [1.53382065e+02 1.75109344e+02 1.63390244e+02 1.90503540e+02]
 [1.70277390e+02 1.74314056e+02 1.76717621e+02 1.89757614e+02]
 [2.04325790e+02 1.73293945e+02 2.14640228e+02 1.88886169e+02]
 [2.19163269e+02 1.73598129e+02 2.29487839e+02 1.88693420e+02]
 [2.53955811e+02 1.71875763e+02 2.64558411e+02 1.87714600e+02]
 [2.69416626e+02 1.71861633e+02 2.79964905e+02 1.88032913e+02]]
INFO:root:探测1-9刻度是否存在
INFO:root:不存在1-9刻度 1
INFO:root:4 存在>9刻度,正常划分刻度
DEBUG:root:[15.664182 35.30284  16.058117 32.424034 23.885338 29.97757  15.111343
 35.985504 14.84256  34.93155  15.433655]
INFO:root: 划分后的刻度和坐标
刻度:
[78 79 80 81 82 83]
坐标:
[[ 12.906164 187.34286 ]
 [ 64.07015  186.16357 ]
 [116.46591  182.62073 ]
 [165.94183  182.42114 ]
 [216.90428  181.11792 ]
 [266.97394  179.87122 ]]
INFO:root:去除三位数坐标
INFO:root:去除三位数坐标后[[ 12.906164 187.34286 ]
 [ 64.07015  186.16357 ]
 [116.46591  182.62073 ]
 [165.94183  182.42114 ]
 [216.90428  181.11792 ]
 [266.97394  179.87122 ]] [78 79 80 81 82 83]
INFO:root:去除单数坐标
INFO:root:去除一般情况下的单数
INFO:root:应删除的索引[]
INFO:root: 删除多余得单or三位数刻度和坐标
刻度:
[78 79 80 81 82 83]
坐标:
[[ 12.906164 187.34286 ]
 [ 64.07015  186.16357 ]
 [116.46591  182.62073 ]
 [165.94183  182.42114 ]
 [216.90428  181.11792 ]
 [266.97394  179.87122 ]]
INFO:root:探测保留连续数字，删除非连续数字
DEBUG:root:count_lst[5] pointer_lst[4]
DEBUG:root:keep [0, 1, 2, 3, 4, 5] keep_class[78 79 80 81 82 83]
INFO:root: 保留连续的刻度和坐标
刻度:
[78 79 80 81 82 83]
坐标:
[[ 12.906164 187.34286 ]
 [ 64.07015  186.16357 ]
 [116.46591  182.62073 ]
 [165.94183  182.42114 ]
 [216.90428  181.11792 ]
 [266.97394  179.87122 ]]
INFO:root:5 获取实际刻度和坐标
实际刻度:
[78 79 80 81 82 83]
坐标:
[[ 12.906164 187.34286 ]
 [ 64.07015  186.16357 ]
 [116.46591  182.62073 ]
 [165.94183  182.42114 ]
 [216.90428  181.11792 ]
 [266.97394  179.87122 ]]
INFO:root:6 指针中心坐标
[134.3524  136.31807]
DEBUG:root:x 134 y 125
DEBUG:PIL.PngImagePlugin:STREAM b'IHDR' 16 13
DEBUG:PIL.PngImagePlugin:STREAM b'IDAT' 41 1216
INFO:root:**********读数计算程序**********
INFO:root:原始数据
class size:12==>['1' '8' '9' '7' '8' '3' '2' '8' '8' '8' '8' '0']
boxes size:12 boxes==>
[[152.48521  175.59299  158.9264   190.8543  ]
 [ 81.14107  174.17867   93.91734  193.86629 ]
 [ 49.89708  178.97511   60.38077  194.95984 ]
 [ 33.732613 179.76938   44.3178   195.16228 ]
 [136.36684  176.07402  146.16302  191.75804 ]
 [251.60866  173.42078  261.32193  188.78319 ]
 [201.21823  174.32033  211.01445  189.77159 ]
 [236.08206  173.2587   246.02245  188.98106 ]
 [185.94131  174.75624  195.93698  190.21796 ]
 [  0.       179.83118    9.262446 196.2135  ]
 [285.30634  171.92966  295.4407   188.0223  ]
 [104.4361   173.63014  118.62042  193.64842 ]]
INFO:root:1 排序后结果
[[  4.631223 188.02234 ]
 [ 39.025208 187.46582 ]
 [ 55.138924 186.96747 ]
 [ 87.529205 184.02248 ]
 [111.52826  183.63928 ]
 [141.26492  183.91603 ]
 [155.70581  183.22363 ]
 [190.93915  182.48709 ]
 [206.11633  182.04596 ]
 [241.05225  181.11987 ]
 [256.4653   181.10199 ]
 [290.37354  179.97598 ]]
['8' '7' '9' '8' '0' '8' '1' '8' '2' '8' '3' '8']
[[  0.       179.83118    9.262446 196.2135  ]
 [ 33.732613 179.76938   44.3178   195.16228 ]
 [ 49.89708  178.97511   60.38077  194.95984 ]
 [ 81.14107  174.17867   93.91734  193.86629 ]
 [104.4361   173.63014  118.62042  193.64842 ]
 [136.36684  176.07402  146.16302  191.75804 ]
 [152.48521  175.59299  158.9264   190.8543  ]
 [185.94131  174.75624  195.93698  190.21796 ]
 [201.21823  174.32033  211.01445  189.77159 ]
 [236.08206  173.2587   246.02245  188.98106 ]
 [251.60866  173.42078  261.32193  188.78319 ]
 [285.30634  171.92966  295.4407   188.0223  ]]
INFO:root:探测1-9刻度是否存在
INFO:root:不存在1-9刻度 0
INFO:root:4 存在>9刻度,正常划分刻度
DEBUG:root:[34.393986 16.113716 32.39028  23.999054 29.736664 14.440887 35.233337
 15.177185 34.935913 15.413055 33.908234]
INFO:root: 划分后的刻度和坐标
刻度:
[ 8 79 80 81 82 83  8]
坐标:
[[  4.631223 188.02234 ]
 [ 47.082066 187.21664 ]
 [ 99.52873  183.83087 ]
 [148.48537  183.56982 ]
 [198.52774  182.26653 ]
 [248.75877  181.11093 ]
 [290.37354  179.97598 ]]
INFO:root:去除三位数坐标
INFO:root:去除三位数坐标后[[  4.631223 188.02234 ]
 [ 47.082066 187.21664 ]
 [ 99.52873  183.83087 ]
 [148.48537  183.56982 ]
 [198.52774  182.26653 ]
 [248.75877  181.11093 ]
 [290.37354  179.97598 ]] [ 8 79 80 81 82 83  8]
INFO:root:去除单数坐标
INFO:root:去除一般情况下的单数
INFO:root:应删除的索引[0 6]
INFO:root: 删除多余得单or三位数刻度和坐标
刻度:
[79 80 81 82 83]
坐标:
[[ 47.082066 187.21664 ]
 [ 99.52873  183.83087 ]
 [148.48537  183.56982 ]
 [198.52774  182.26653 ]
 [248.75877  181.11093 ]]
INFO:root:探测保留连续数字，删除非连续数字
DEBUG:root:count_lst[4] pointer_lst[3]
DEBUG:root:keep [0, 1, 2, 3, 4] keep_class[79 80 81 82 83]
INFO:root: 保留连续的刻度和坐标
刻度:
[79 80 81 82 83]
坐标:
[[ 47.082066 187.21664 ]
 [ 99.52873  183.83087 ]
 [148.48537  183.56982 ]
 [198.52774  182.26653 ]
 [248.75877  181.11093 ]]
INFO:root:5 获取实际刻度和坐标
实际刻度:
[79 80 81 82 83]
坐标:
[[ 47.082066 187.21664 ]
 [ 99.52873  183.83087 ]
 [148.48537  183.56982 ]
 [198.52774  182.26653 ]
 [248.75877  181.11093 ]]
INFO:root:6 指针中心坐标
[133.97025 136.54288]
DEBUG:root:x 133 y 125
INFO:root:**********读数计算程序**********
INFO:root:原始数据
class size:12==>['8' '1' '9' '0' '7' '2' '8' '8' '3' '8' '8' '7']
boxes size:12 boxes==>
[[150.34732  175.81635  160.04158  191.39558 ]
 [166.4463   175.40814  173.13577  190.5453  ]
 [ 64.400604 178.8704    74.99173  194.79422 ]
 [118.12834  173.70766  132.08362  193.20384 ]
 [ 47.51958  179.74313   58.260216 194.9853  ]
 [216.11948  174.1612   225.96414  189.21904 ]
 [200.70515  174.28685  210.7148   189.74731 ]
 [ 95.3656   173.9716   108.29371  193.88907 ]
 [266.92453  173.05049  276.95715  188.79953 ]
 [ 12.892473 179.99393   23.096075 196.1684  ]
 [250.95403  172.79965  261.09424  188.70322 ]
 [  0.       180.72498    7.423581 196.14381 ]]
INFO:root:1 排序后结果
[[  3.7117906 188.43439  ]
 [ 17.994274  188.08116  ]
 [ 52.8899    187.36423  ]
 [ 69.69617   186.8323   ]
 [101.82965   183.93033  ]
 [125.10598   183.45575  ]
 [155.19446   183.60596  ]
 [169.79105   182.97672  ]
 [205.70998   182.01709  ]
 [221.04181   181.69012  ]
 [256.02414   180.75143  ]
 [271.94086   180.92502  ]]
['7' '8' '7' '9' '8' '0' '8' '1' '8' '2' '8' '3']
[[  0.       180.72498    7.423581 196.14381 ]
 [ 12.892473 179.99393   23.096075 196.1684  ]
 [ 47.51958  179.74313   58.260216 194.9853  ]
 [ 64.400604 178.8704    74.99173  194.79422 ]
 [ 95.3656   173.9716   108.29371  193.88907 ]
 [118.12834  173.70766  132.08362  193.20384 ]
 [150.34732  175.81635  160.04158  191.39558 ]
 [166.4463   175.40814  173.13577  190.5453  ]
 [200.70515  174.28685  210.7148   189.74731 ]
 [216.11948  174.1612   225.96414  189.21904 ]
 [250.95403  172.79965  261.09424  188.70322 ]
 [266.92453  173.05049  276.95715  188.79953 ]]
INFO:root:探测1-9刻度是否存在
INFO:root:不存在1-9刻度 1
INFO:root:4 存在>9刻度,正常划分刻度
DEBUG:root:[14.282484 34.895626 16.806267 32.133484 23.276329 30.088478 14.596588
 35.91893  15.331833 34.98233  15.916718]
INFO:root: 划分后的刻度和坐标
刻度:
[78 79 80 81 82 83]
坐标:
[[ 10.853032 188.25778 ]
 [ 61.293034 187.09827 ]
 [113.46782  183.69304 ]
 [162.49275  183.29134 ]
 [213.37589  181.8536  ]
 [263.98248  180.83823 ]]
INFO:root:去除三位数坐标
INFO:root:去除三位数坐标后[[ 10.853032 188.25778 ]
 [ 61.293034 187.09827 ]
 [113.46782  183.69304 ]
 [162.49275  183.29134 ]
 [213.37589  181.8536  ]
 [263.98248  180.83823 ]] [78 79 80 81 82 83]
INFO:root:去除单数坐标
INFO:root:去除一般情况下的单数
INFO:root:应删除的索引[]
INFO:root: 删除多余得单or三位数刻度和坐标
刻度:
[78 79 80 81 82 83]
坐标:
[[ 10.853032 188.25778 ]
 [ 61.293034 187.09827 ]
 [113.46782  183.69304 ]
 [162.49275  183.29134 ]
 [213.37589  181.8536  ]
 [263.98248  180.83823 ]]
INFO:root:探测保留连续数字，删除非连续数字
DEBUG:root:count_lst[5] pointer_lst[4]
DEBUG:root:keep [0, 1, 2, 3, 4, 5] keep_class[78 79 80 81 82 83]
INFO:root: 保留连续的刻度和坐标
刻度:
[78 79 80 81 82 83]
坐标:
[[ 10.853032 188.25778 ]
 [ 61.293034 187.09827 ]
 [113.46782  183.69304 ]
 [162.49275  183.29134 ]
 [213.37589  181.8536  ]
 [263.98248  180.83823 ]]
INFO:root:5 获取实际刻度和坐标
实际刻度:
[78 79 80 81 82 83]
坐标:
[[ 10.853032 188.25778 ]
 [ 61.293034 187.09827 ]
 [113.46782  183.69304 ]
 [162.49275  183.29134 ]
 [213.37589  181.8536  ]
 [263.98248  180.83823 ]]
INFO:root:6 指针中心坐标
[134.0972  136.39192]
DEBUG:root:x 134 y 125
DEBUG:PIL.PngImagePlugin:STREAM b'IHDR' 16 13
DEBUG:PIL.PngImagePlugin:STREAM b'IDAT' 41 1216
INFO:root:**********读数计算程序**********
INFO:root:原始数据
class size:12==>['0' '9' '3' '7' '8' '8' '2' '8' '8' '8' '1' '7']
boxes size:12 boxes==>
[[1.22171707e+02 1.73403503e+02 1.36063004e+02 1.92701828e+02]
 [6.72510986e+01 1.78600906e+02 7.78032379e+01 1.94559235e+02]
 [2.70065460e+02 1.72544037e+02 2.80582825e+02 1.88825256e+02]
 [5.12805176e+01 1.79574203e+02 6.16827240e+01 1.94786285e+02]
 [2.54569595e+02 1.72660172e+02 2.65001617e+02 1.88561890e+02]
 [1.55748034e+01 1.79732712e+02 2.62763519e+01 1.96114975e+02]
 [2.20457901e+02 1.74363190e+02 2.30386749e+02 1.89418640e+02]
 [9.84664230e+01 1.73530090e+02 1.11692505e+02 1.93550598e+02]
 [1.54677963e+02 1.76090439e+02 1.64310776e+02 1.91405243e+02]
 [2.05133301e+02 1.74401199e+02 2.15212402e+02 1.89817352e+02]
 [1.70911407e+02 1.75392868e+02 1.77150879e+02 1.90546768e+02]
 [5.88459894e-02 1.80466217e+02 1.02088251e+01 1.96366028e+02]]
INFO:root:1 排序后结果
[[  5.1338353 188.41612  ]
 [ 20.925577  187.92384  ]
 [ 56.48162   187.18024  ]
 [ 72.52717   186.58008  ]
 [105.07947   183.54034  ]
 [129.11736   183.05267  ]
 [159.49437   183.74783  ]
 [174.03114   182.96982  ]
 [210.17285   182.10928  ]
 [225.42233   181.89091  ]
 [259.7856    180.61102  ]
 [275.32416   180.68465  ]]
['7' '8' '7' '9' '8' '0' '8' '1' '8' '2' '8' '3']
[[5.88459894e-02 1.80466217e+02 1.02088251e+01 1.96366028e+02]
 [1.55748034e+01 1.79732712e+02 2.62763519e+01 1.96114975e+02]
